-157.9422524,21.32683729,0.05,0.45
-157.9422524,21.32683729,0.05,0.45
-157.9422524,21.32683729,0.05,0.45
-157.9422524,21.32683729,0.05,0.45
-157.9422524,21.32683729,0.05,0.45
-157.9422524,21.32683729,0.05,0.45
-157.9422524,21.32683729,0.05,0.45
-157.9422524,21.32683729,0.05,0.45
-157.9422524,21.32683729,0.05,0.45
-157.9422524,21.32683729,0.05,0.45
-157.9422524,21.32683729,0.05,0.45
-157.9422524,21.32683729,0.05,0.45
-157.9422524,21.32683729,0.05,0.45
-157.9422524,21.32683729,0.05,0.45
-157.9422524,21.32683729,0.05,0.45
-157.9422524,21.32683729,0.05,0.45
-157.9422524,21.32683729,0.05,0.45
-157.9422524,21.32683729,0.05,0.45
-157.9422524,21.32683729,0.05,0.45
-157.9422524,21.32683729,0.05,0.45
-157.9422524,21.32683729,0.05,0.45
-157.9422524,21.32683729,0.05,0.45
-157.9422524,21.32683729,0.05,0.45
-157.9422524,21.32683729,0.05,0.45
-157.9422524,21.32683729,0.05,0.45
-157.9422524,21.32683729,0.05,0.45
-157.9422524,21.32683729,0.05,0.45
-157.9422524,21.32683729,0.05,0.45
-157.9422524,21.32683729,0.05,0.45
-157.9422524,21.32683729,0.05,0.45
-157.9422524,21.32683729,0.05,0.45
-157.9422524,21.32683729,0.05,0.45
